% parameters

% parameteres
m      = .34;
Ixx    = 321862.60*10^-9;
Iyy    = 305825.42*10^-9;
Ixy    = 0;
Ixz    = 0;
Iyz    = 0;
Izz    = 576255.87*10^-9;
g      = 9.81;
l      = 0.088388;
% thrust_coeff=5.7e-8;
% drag_coeff=0.016;
% length=0.17;
